[8,-1,0]
-1,-1,0,-1|cba3ec,,,680eb2,||
[8,0,0]
-1,0,1,-1|cba3ec,,680eb2,680eb2,||
[9,-1,0]
-1,-1,-1,-1|cba3ec,,,,|2|
[9,0,0]
-1,0,-1,-1|cba3ec,,680eb2,,||
[10,-2,0]
-1,-1,-1,0|cba3ec,,,,680eb2||
[10,-1,0]
-1,-1,-1,-1|cba3ec,,,,||
[10,0,0]
-1,0,-1,-1|cba3ec,,680eb2,,||
[11,-1,0]
-1,-1,-1,-1|cba3ec,,,,|3|
[11,0,0]
-1,0,-1,-1|cba3ec,,680eb2,,||
[12,-1,0]
0,-1,-1,-1|cba3ec,680eb2,,,||
[12,0,0]
0,0,-1,-1|cba3ec,680eb2,680eb2,,||
[8,-2,0]
-1,-1,0,0|cba3ec,,,680eb2,680eb2||
[9,-2,0]
-1,-1,-1,0|cba3ec,,,,680eb2||
[11,-2,0]
-1,-1,-1,0|cba3ec,,,,680eb2||
[12,-2,0]
0,-1,-1,0|cba3ec,680eb2,,,680eb2||
[11,-2,1]
-1,-1,0,-1|cba3ec,,,680eb2,||
[11,-1,1]
-1,0,0,-1|cba3ec,,680eb2,680eb2,|3|
[12,-2,1]
0,-1,-1,-1|cba3ec,680eb2,,,||
[12,-1,1]
0,0,-1,-1|cba3ec,680eb2,680eb2,,||
[9,1,0]
-1,0,1,0|ffd700,,c38000,c38000,c38000||
[10,1,0]
-1,0,-1,1|ffd700,,c38000,,c38000||
[11,1,0]
1,0,-1,0|ffd700,c38000,c38000,,c38000||
[12,1,0]
0,0,1,0|ffd700,c38000,c38000,c38000,c38000|0|
[7,1,0]
-1,-1,-1,0|ffd700,,,,c38000||
[7,2,0]
-1,-1,-1,-1|ffd700,,,,||
[8,1,0]
1,-1,-1,0|ffd700,c38000,,,c38000||
[8,2,0]
0,-1,-1,-1|ffd700,c38000,,,||
[7,3,0]
-1,0,-1,-1|ffd700,,c38000,,||
[8,3,0]
0,0,-1,-1|ffd700,c38000,c38000,,||
[6,1,0]
-1,-1,1,0|ffd700,,,c38000,c38000||
[6,2,0]
-1,-1,0,-1|ffd700,,,c38000,||
[6,3,0]
-1,0,1,-1|ffd700,,c38000,c38000,||
[5,1,0]
1,0,1,0|ffd700,c38000,c38000,c38000,c38000|0|
[5,3,0]
1,0,1,0|ffd700,c38000,c38000,c38000,c38000|1|
[3,1,0]
-1,-1,1,0|ffd700,,,c38000,c38000||
[3,2,0]
-1,-1,0,-1|ffd700,,,c38000,||
[3,3,0]
-1,0,0,-1|ffd700,,c38000,c38000,||
[4,1,0]
0,-1,-1,0|ffd700,c38000,,,c38000||
[4,2,0]
0,-1,-1,-1|ffd700,c38000,,,||
[4,3,0]
1,0,-1,-1|ffd700,c38000,c38000,,||
[1,3,0]
-1,0,1,0|ffd700,,c38000,c38000,c38000||
[2,3,0]
1,0,-1,0|ffd700,c38000,c38000,,c38000||
[1,1,0]
-1,0,1,0|ffd700,,c38000,c38000,c38000||
[2,1,0]
1,0,-1,0|ffd700,c38000,c38000,,c38000||
[2,4,0]
0,0,1,1|ffd700,c38000,c38000,c38000,c38000||
[7,0,0]
1,0,-1,-1|83ab76,2e4c28,2e4c28,,||
[6,-1,0]
-1,-1,0,0|83ab76,,,2e4c28,2e4c28||
[6,0,0]
-1,0,0,-1|83ab76,,2e4c28,2e4c28,||
[7,-1,0]
0,-1,-1,0|83ab76,2e4c28,,,2e4c28||
[8,-2,1]
-1,-1,0,0|cba3ec,,,680eb2,680eb2||
[8,-1,1]
-1,0,0,-1|cba3ec,,680eb2,680eb2,||
[9,-1,1]
0,0,-1,-1|cba3ec,680eb2,680eb2,,|2|
[9,-2,1]
0,-1,-1,0|cba3ec,680eb2,,,680eb2||
[11,-3,1]
-1,-1,0,0|cba3ec,,,680eb2,680eb2||
[12,-3,1]
0,-1,-1,0|cba3ec,680eb2,,,680eb2|4|
[12,-6,0]
-1,-1,0,0|00d5da,,,006469,006469||
[12,-5,0]
-1,-1,0,-1|00d5da,,,006469,||
[12,-4,0]
-1,-1,0,-1|00d5da,,,006469,||
[12,-3,0]
-1,0,0,-1|00d5da,,006469,006469,|4|
[13,-6,0]
-1,-1,-1,0|00d5da,,,,006469||
[13,-5,0]
-1,-1,-1,-1|00d5da,,,,||
[13,-4,0]
-1,-1,-1,-1|00d5da,,,,||
[13,-3,0]
-1,0,-1,-1|00d5da,,006469,,||
[14,-6,0]
-1,-1,-1,0|00d5da,,,,006469||
[14,-5,0]
-1,-1,-1,-1|00d5da,,,,||
[14,-4,0]
-1,-1,-1,-1|00d5da,,,,||
[14,-3,0]
-1,0,-1,-1|00d5da,,006469,,||
[15,-6,0]
0,-1,-1,0|00d5da,006469,,,006469||
[15,-5,0]
0,-1,-1,-1|00d5da,006469,,,||
[15,-4,0]
0,-1,-1,-1|00d5da,006469,,,||
[15,-3,0]
0,0,-1,-1|00d5da,006469,006469,,||
[2,5,0]
1,0,0,1|ffd700,c38000,c38000,c38000,c38000||
[0,1,0]
1,0,1,0|ffd700,c38000,c38000,c38000,c38000|1|
[-3,1,0]
-1,-1,1,0|ffd700,,,c38000,c38000||
[-2,1,0]
-1,-1,-1,0|ffd700,,b2160e,,c38000||
[-1,1,0]
1,-1,-1,0|ffd700,c38000,,,c38000||
[-2,3,0]
-1,-1,0,0|ffd700,,,c38000,c38000||
[-2,4,0]
0,-1,0,-1|ffd700,c38000,,c38000,||
[0,2,0]
0,-1,0,0|ffd700,c38000,,c38000,c38000|0|
[0,3,0]
1,0,0,-1|ffd700,c38000,c38000,c38000,||
[3,5,0]
0,-1,1,0|ffd700,c38000,,c38000,c38000||
[3,6,0]
0,1,0,-1|ffd700,c38000,c38000,c38000,||
[3,7,0]
0,0,1,1|ffd700,c38000,c38000,c38000,c38000||
[2,6,0]
0,-1,-1,0|ffd700,c38000,,,c38000||
[2,7,0]
1,0,-1,-1|ffd700,c38000,c38000,,||
[1,6,0]
-1,-1,0,0|ffd700,,,c38000,c38000||
[1,7,0]
-1,0,1,-1|ffd700,,c38000,c38000,||
[1,4,0]
1,0,0,0|ffd700,c38000,c38000,c38000,c38000|0|
[-2,5,0]
0,-1,0,-1|ffd700,c38000,,c38000,||
[-2,6,0]
0,-1,0,-1|ffd700,c38000,,c38000,||
[-1,3,0]
1,0,-1,0|ffd700,c38000,c38000,,c38000|0|
[-1,7,0]
1,0,1,0|ffd700,c38000,c38000,c38000,c38000||
[0,7,0]
1,0,1,0|ffd700,c38000,c38000,c38000,c38000|1|
[-2,7,0]
1,0,0,-1|ffd700,c38000,c38000,c38000,||
[-1,2,0]
0,0,-1,-1|ffd700,c38000,c38000,,||
[-3,2,0]
-1,0,0,-1|ffd700,,c38000,c38000,||
[-4,1,0]
1,1,0,0|959595,363636,363636,363636,363636||
[-4,2,0]
0,0,1,1|959595,363636,363636,363636,363636||
[-5,2,0]
1,0,-1,0|959595,363636,363636,,363636||
[-6,2,0]
-1,1,0,0|959595,,363636,363636,363636||
[-7,3,0]
-1,0,0,1|959595,,363636,363636,363636||
[-6,3,0]
0,0,-1,1|959595,363636,363636,,363636||
[-7,2,0]
0,1,0,-1|959595,363636,363636,363636,||
[-7,1,0]
1,-1,0,0|959595,363636,,363636,363636||
[-6,1,0]
1,0,1,0|959595,363636,363636,363636,363636|5|
[-5,1,0]
1,0,1,0|959595,363636,363636,363636,363636|1|
[-2,2,0]
-1,1,-1,-1|ffd700,,c38000,,||
